0
0
0
3
0
0
0
12
0
0
23
7
0
0
0
0
0
0
0
55
0
4
0
15
0
15
1
0
0
5
8
4
0
0
7
0
0
0
0
0
0
18
0
0
14
49
0
0
13
0
0
0
39
0
0
0
0
0
0
0
0
1
0
0
0
0
0
20
0
0
0
19
0
0
0
0
0
2
0
0
0
0
0
0
0
0
0
0
0
15
0
0
0
0
0
20
0
0
0
0
0
0
0
0
0
37
0
0
0
0
0
0
0
20
0
10
0
4
0
3
0
23
0
0
41
0
0
14
0
0
0
0
0
0
8
0
0
26
0
0
0
0
35
0
0
0
0
9
0
0
8
0
0
0
0
0
0
2
9
0
0
0
0
0
12
0
0
0
0
0
0
0
0
0
0
0
0
0
0
0
6
0
0
0
0
0
0
0
25
0
0
0
0
0
0
0
0
0
5
0
7
22
0
0
0
0
0
0
0
0
0
14
10
0
0
0
0
11
0
25
0
7
0
0
0
0
0
0
8
0
0
0
0
0
0
7
0
0
0
4
0
41
0
0
20
0
0
5
0
0
0
7
0
0
0
8
0
0
12
0
0
0
0
0
5
5
0
11
27
0
0
29
12
0
0
0
25
0
0
0
27
0
0
26
0
0
3
8
0
0
0
0
0
2
0
3
0
0
13
0
0
0
0
0
2
0
0
0
12
12
20
0
1
0
0
0
0
0
20
0
0
0
0
17
6
0
0
0
47
0
0
4
0
0
4
0
0
0
17
0
11
0
0
0
0
0
0
0
0
0
7
3
0
0
0
37
0
0
3
0
0
0
30
0
0
0
0
0
0
8
0
1
0
42
0
0
0
0
0
0
3
0
0
1
0
0
0
0
0
0
0
4
0
0
0
0
0
9
0
0
0
0
0
0
0
0
0
0
0
4
9
2
0
4
0
0
0
5
0
0
0
0
0
0
0
0
0
0
0
0
3
12
0
7
0
0
0
0
0
2
0
0
0
0
0
0
15
0
3
0
6
0
0
9
0
0
0
0
0
0
0
0
0
0
0
0
0
18
0
0
0
0
0
0
0
0
0
29
0
0
8
0
0
0
0
0
0
12
0
5
5
42
0
0
0
0
0
11
0
0
0
0
0
0
0
0
0
0
0
3
0
8
0
0
9
3
9
0
0
3
0
0
0
0
0
20
0
28
2
0
0
0
4
1
0
0
0
0
0
0
0
2
0
0
8
0
14
8
0
0
0
22
18
0
0
25
1
0
0
2
0
5
0
0
0
0
0
0
6
8
3
4
0
0
0
0
0
0
0
0
0
0
6
0
0
0
0
0
0
0
0
21
0
11
0
50
0
0
10
0
0
1
0
0
0
0
0
0
0
0
0
0
5
2
0
34
0
0
0
0
0
5
0
11
0
0
14
0
0
0
0
1
0
0
0
0
0
0
0
0
0
0
0
0
0
0
0
0
0
0
0
0
0
0
0
0
0
23
0
5
0
0
0
0
0
4
0
24
0
0
0
0
9
0
0
5
0
0
0
0
0
0
0
12
0
0
27
0
12
0
0
0
0
0
0
0
0
0
0
16
0
0
0
54
5
0
17
1
0
7
0
0
0
38
0
0
0
10
0
0
0
0
14
0
0
14
41
2
14
0
0
0
0
0
0
0
0
0
0
0
0
6
0
0
0
0
0
0
0
0
0
2
0
0
0
55
21
0
0
0
0
0
19
0
24
0
0
0
0
0
47
0
0
0
0
3
0
0
0
0
15
0
11
0
0
0
0
10
0
0
0
0
0
8
0
0
0
0
0
3
29
8
0
0
0
8
7
0
0
0
0
0
0
0
0
0
0
11
19
0
0
17
0
0
0
3
0
0
0
0
66
0
0
10
0
0
0
0
0
2
0
25
0
0
0
1
0
0
0
0
9
6
0
0
0
0
0
8
0
7
0
1
0
0
0
0
8
0
1
0
6
3
0
0
0
0
0
0
3
0
3
0
0
0
0
0
0
0
0
0
24
0
0
0
0
5
0
0
0
8
0
0
2
0
0
0
0
0
4
0
0
16
0
0
0
19
0
0
0
0
0
0
0
0
0
0
10
0
0
0
3
0
0
0
16
0
0
0
0
6
0
16
0
0
0
0
0
0
3
4
0
0
10
0
0
0
0
0
0
0
0
0
0
0
0
10
0
2
0
0
0
16
22
16
0
0
2
0
0
5
1
0
0
0
2
0
0
0
0
0
9
0
0
0
0
0
0
0
0
0
0
0
0
8
0
0
0
60
0
0
0
0
0
18
0
0
0
17
0
0
16
0
6
0
0
0
14
0
0
0
0
0
19
0
0
8
0
10
0
17
0
2
0
0
0
0
0
0
0
0
0
0
0
0
10
0
0
4
0
0
0
0
5
0
0
0
0
0
0
0
0
12
5
0
0
0
0
14
0
0
0
0
0
11
0
0
0
0
0
0
0
0
0
0
0
0
0
0
0
0
0
0
0
2
0
0
0
0
0
0
8
0
0
0
0
0
2
0
0
8
0
0
3
3
0
0
0
0
3
0
0
0
0
6
0
44
16
0
0
0
0
0
0
0
16
0
0
0
4
0
41
0
0
0
5
32
0
0
0
0
15
24
0
0
0
0
0
0
0
5
0
16
0
0
20
0
0
0
0
0
0
0
0
0
4
0
0
0
0
0
0
0
0
46
18
2
0
0
30
0
0
0
0
0
0
1
0
0
0
0
0
11
0
17
8
29
21
0
0
36
24
0
0
0
25
0
0
0
35
0
0
0
0
0
4
0
0
42
0
0
0
0
12
0
0
0
0
0
0
0
0
15
0
2
0
0
0
0
0
0
0
0
43
0
13
0
7
1
0
0
4
10
0
0
0
0
20
0
3
0
4
0
19
0
0
6
0
0
17
0
0
8
0
0
0
0
0
20
0
7
0
0
0
7
0
0
0
0
11
0
0
0
0
0
0
0
19
0
0
0
7
16
0
0
0
9
0
1
0
0
0
0
0
0
0
22
0
0
18
0
0
0
0
0
0
0
0
0
0
2
2
0
0
0
0
0
0
1
8
12
9
22
2
0
0
0
0
11
0
0
0
13
22
0
13
0
0
