30
2
0
146
0
78
7
39
0
61
99
47
0
39
0
0
250
59
12
206
0
84
0
181
0
75
4
103
0
5
8
31
0
30
155
14
53
0
42
0
50
30
0
0
201
261
19
85
252
0
102
0
72
57
0
85
0
0
0
159
168
1
0
7
0
131
65
39
17
0
111
197
214
0
0
1
0
194
0
0
0
0
89
0
0
40
0
4
0
18
37
56
149
0
1
236
36
4
29
0
82
72
36
0
0
197
44
73
47
210
37
104
0
93
0
10
9
159
0
49
12
35
183
0
198
0
0
183
0
0
0
46
163
0
50
0
115
36
0
0
20
0
131
0
198
69
12
14
231
0
34
185
139
94
0
0
33
15
202
182
0
0
141
253
109
0
6
169
0
0
63
48
0
122
155
37
37
0
0
19
78
119
223
37
102
143
83
147
113
0
147
0
0
107
0
0
0
78
87
72
20
204
188
47
0
47
27
63
19
165
0
15
166
19
162
171
66
72
0
270
46
97
0
70
0
120
160
0
11
0
82
43
75
20
0
54
11
5
0
147
98
55
66
139
20
52
3
77
48
0
1
64
0
21
215
67
75
49
202
20
0
0
227
0
46
37
92
65
28
0
22
84
47
10
0
81
38
211
0
0
46
0
188
118
191
88
3
22
0
0
118
3
48
8
0
28
82
95
153
141
77
83
229
115
43
56
195
48
78
51
57
276
27
0
0
0
43
0
22
0
88
1
24
243
97
177
83
31
163
0
121
66
0
254
88
56
0
65
114
44
58
0
117
0
83
24
108
0
0
0
78
4
0
55
17
56
49
0
55
148
224
0
97
39
17
203
146
107
24
32
0
40
68
72
0
0
0
182
0
0
38
99
58
100
77
0
116
0
43
0
32
69
26
0
0
12
49
203
0
80
92
30
0
49
0
4
25
2
0
44
109
176
83
4
168
23
0
98
33
0
0
0
103
0
0
71
42
0
0
117
40
239
0
17
3
136
159
19
0
37
28
0
0
129
0
53
24
83
35
29
11
0
41
79
0
149
221
21
0
0
0
26
0
0
0
10
111
53
71
0
39
77
0
0
0
149
33
181
0
37
35
104
78
35
173
47
0
12
0
21
72
65
36
0
0
38
57
90
0
0
146
106
37
0
126
136
0
0
99
161
60
200
83
0
140
29
40
206
20
96
107
199
0
115
34
43
35
260
2
0
55
0
114
167
213
129
171
200
0
206
25
3
17
200
53
0
113
66
0
0
48
136
146
0
8
38
50
281
54
237
20
55
23
186
0
283
0
0
50
96
17
193
0
0
0
128
142
0
7
0
113
0
11
0
10
0
0
19
0
86
52
41
0
17
181
56
0
1
133
0
28
36
19
0
0
10
165
0
0
0
24
45
22
4
0
34
179
0
0
11
77
83
0
15
0
51
50
167
7
15
27
1
94
243
0
0
135
63
0
29
0
0
63
26
101
0
148
214
0
120
122
49
0
5
147
29
134
25
162
232
14
146
0
0
0
5
199
171
0
143
80
41
132
8
0
21
21
66
42
105
18
8
18
86
0
117
187
0
12
0
61
147
170
0
53
149
0
0
61
80
87
0
21
88
9
6
195
1
0
8
64
47
0
239
232
94
0
45
0
31
50
0
177
43
0
44
118
75
101
0
0
15
17
0
0
83
75
82
0
0
119
7
0
0
0
117
48
111
241
0
0
16
53
0
128
156
49
125
0
147
187
0
67
0
244
0
56
2
115
75
174
33
83
0
0
4
0
0
0
0
130
0
14
36
9
0
0
89
0
0
166
94
0
40
0
74
57
40
0
64
50
127
33
0
249
15
76
42
46
0
23
39
22
0
215
34
0
58
189
0
0
64
94
96
0
96
0
0
0
0
67
0
0
44
0
0
74
178
0
2
0
166
6
0
0
5
20
99
186
0
118
92
0
0
210
129
41
12
114
197
21
1
119
46
12
197
173
0
42
0
22
96
0
0
0
50
1
30
27
0
148
47
0
123
108
0
143
111
0
0
218
40
284
0
120
32
183
0
0
41
116
0
4
21
0
42
26
218
18
0
67
86
0
0
0
112
223
0
0
0
55
141
17
0
22
120
50
31
0
0
4
46
124
0
20
22
103
13
38
94
139
30
147
37
0
158
65
17
26
4
40
151
179
0
155
77
0
163
0
0
67
0
36
167
0
70
37
6
98
0
170
110
53
17
0
0
2
79
20
57
112
134
33
0
70
11
0
85
0
181
245
0
0
44
0
3
0
28
0
0
100
0
10
153
41
113
128
91
0
0
0
84
183
192
156
6
0
170
0
0
63
174
93
0
0
129
136
15
217
24
48
35
88
0
0
14
21
83
17
17
181
3
155
0
114
139
83
0
0
0
2
27
137
0
211
0
0
50
0
3
128
99
71
74
0
29
99
96
0
0
85
59
14
69
0
0
3
81
17
0
69
38
13
48
0
20
9
0
0
0
221
100
142
73
116
36
21
134
49
0
215
30
0
230
0
0
0
0
0
0
68
0
111
0
65
153
146
0
0
91
0
0
38
6
188
80
81
0
60
29
96
37
0
133
38
76
143
169
0
63
0
49
0
0
128
0
0
66
63
67
135
151
0
116
9
40
208
0
0
72
130
31
0
0
91
54
143
26
0
5
208
106
67
0
254
24
24
162
0
0
56
0
0
0
22
0
130
0
19
117
22
61
0
66
26
125
0
51
281
13
38
153
0
130
25
1
0
0
0
45
0
107
248
20
224
113
67
15
223
110
27
54
0
15
35
115
37
146
204
26
134
0
0
0
40
0
0
48
0
0
45
0
39
0
123
0
17
0
0
122
146
191
0
2
9
60
171
63
21
0
0
38
140
160
52
132
21
163
0
0
114
37
65
0
16
47
139
0
82
57
23
9
53
108
83
80
143
0
17
0
129
93
280
141
62
159
0
93
24
163
0
0
229
29
102
0
0
137
14
68
0
0
0
67
0
43
20
0
12
14
65
17
0
6
96
79
0
23
2
80
17
291
0
75
0
99
73
0
196
95
0
0
17
167
0
225
0
2
2
8
24
48
162
253
0
0
156
43
167
27
58
23
2
76
0
2
0
97
101
0
0
277
87
16
29
147
0
