0
0
0
10
0
0
0
17
0
0
51
11
0
0
0
0
19
0
0
83
0
4
0
26
0
25
2
0
0
5
8
31
0
0
19
0
0
0
0
0
0
19
0
0
43
64
0
0
19
0
0
0
54
5
0
0
0
0
0
18
0
1
0
0
0
0
22
20
0
0
0
37
0
0
0
0
0
11
0
0
0
0
0
0
0
0
0
0
0
15
0
0
0
0
0
55
0
0
0
0
0
0
0
0
0
46
0
0
0
0
6
0
0
44
0
10
0
25
0
8
0
33
0
0
51
0
0
40
0
0
0
0
0
0
18
0
0
26
0
0
0
0
72
0
8
1
0
9
5
0
8
0
0
0
0
0
0
2
32
13
0
0
4
0
20
0
0
0
0
0
9
0
0
0
9
0
0
0
0
14
13
29
0
13
24
0
0
0
86
0
0
0
0
20
0
0
0
0
8
2
12
33
36
0
0
21
0
7
0
8
0
15
35
0
0
15
0
23
0
35
0
35
0
0
0
8
0
0
8
0
0
0
10
0
0
12
10
0
0
4
0
53
20
0
20
0
0
52
1
0
0
64
0
0
0
18
0
0
27
0
0
0
0
0
6
22
10
11
28
0
0
37
43
0
0
0
28
0
0
0
34
0
12
45
0
0
3
19
0
0
0
3
0
2
0
15
7
12
48
0
0
0
0
0
2
15
0
0
12
17
22
0
1
0
0
0
7
0
20
0
0
0
0
20
13
19
0
0
81
0
0
6
0
0
11
21
0
0
19
0
13
0
0
0
0
13
8
0
0
0
17
3
0
0
3
43
0
0
3
0
0
0
65
1
0
0
0
0
0
8
0
15
0
46
0
0
0
0
0
0
3
2
0
1
3
0
0
0
0
0
0
5
0
0
0
0
0
31
0
0
0
0
0
0
0
3
0
0
0
13
15
2
0
4
0
0
0
10
0
0
0
0
0
0
0
0
18
0
0
0
18
26
0
16
0
12
12
0
0
2
0
0
0
0
0
0
24
0
17
0
9
0
0
10
0
0
0
0
0
0
0
10
0
0
0
0
0
42
0
0
0
6
0
0
0
0
4
49
0
0
28
1
10
0
0
0
0
12
0
20
11
46
0
0
0
1
0
55
0
0
0
0
0
0
0
0
0
0
0
13
0
11
0
0
53
13
30
0
0
4
4
0
0
0
14
21
0
106
2
0
11
0
6
4
0
39
0
8
0
55
0
2
0
0
25
0
32
25
0
0
0
47
27
0
0
27
14
0
0
24
0
19
0
0
0
0
8
0
6
22
17
19
0
0
0
0
0
0
0
0
7
0
9
0
0
0
0
1
0
0
0
35
0
17
0
56
0
0
43
0
0
5
0
0
0
0
3
0
0
0
4
8
5
2
0
34
0
0
0
0
0
28
0
15
0
11
17
16
0
0
0
1
0
29
0
0
35
0
0
0
0
0
0
0
0
0
32
0
0
8
26
0
0
0
0
0
0
23
0
24
0
14
0
0
0
5
31
44
0
22
0
3
14
0
0
5
7
8
0
0
0
0
0
18
0
6
47
0
12
0
0
0
0
0
0
0
0
0
2
29
0
0
0
56
6
0
79
1
0
7
0
0
0
53
45
0
0
18
0
0
0
0
20
0
0
20
53
9
33
0
0
0
0
0
0
0
0
18
0
0
0
7
0
0
0
0
11
0
0
0
0
11
0
0
0
78
23
0
0
0
3
0
23
0
44
0
0
0
0
19
77
0
0
0
0
4
0
0
0
0
17
0
14
0
0
0
0
29
0
0
0
0
0
10
0
17
12
25
0
8
46
9
30
0
32
15
32
0
0
0
23
0
6
0
34
0
0
43
57
0
0
24
0
0
0
22
0
0
0
0
67
0
0
12
0
0
0
26
0
2
0
76
0
0
0
1
0
0
0
0
9
17
0
0
0
17
0
10
0
9
0
1
0
0
0
0
34
0
3
0
22
6
0
0
0
0
0
0
27
0
3
0
0
20
0
0
0
8
0
0
27
0
31
0
13
14
0
0
0
17
0
0
3
0
0
0
0
0
14
0
0
17
0
0
0
27
0
0
0
0
0
0
0
0
0
0
12
0
0
0
4
0
0
0
20
0
0
0
0
11
3
30
0
0
0
0
0
0
7
4
0
0
40
0
0
0
0
0
0
0
4
0
0
3
0
13
16
6
0
0
0
29
27
17
0
0
2
0
11
23
1
0
0
0
4
0
0
12
0
0
61
0
0
0
0
0
0
0
0
0
0
0
0
31
0
0
0
91
0
0
0
0
1
43
0
0
0
20
0
0
27
0
6
0
0
0
48
13
0
0
0
0
32
0
0
11
0
29
16
17
0
3
0
0
0
10
0
0
0
0
2
0
9
0
16
0
0
4
0
0
0
1
7
0
0
0
0
0
0
0
26
41
14
0
0
0
0
43
0
0
13
0
0
16
0
6
0
0
0
0
25
0
0
0
0
33
0
0
0
0
0
0
0
13
0
0
0
0
0
0
26
0
0
0
31
0
8
0
0
23
0
0
9
3
0
0
0
0
10
0
0
2
0
7
20
56
31
16
0
22
0
0
0
0
29
0
0
0
9
0
77
29
0
0
9
35
0
0
0
0
15
26
0
0
0
0
0
5
0
5
26
39
33
0
30
0
0
0
0
0
0
0
0
0
8
0
0
0
0
14
0
0
0
49
26
8
0
0
58
13
6
17
0
0
2
1
0
0
0
1
0
39
0
18
16
65
35
0
6
83
27
0
0
15
28
1
0
0
49
0
0
0
0
0
11
0
0
47
0
0
0
0
19
0
0
0
0
0
0
0
0
32
0
2
1
0
41
2
1
0
0
0
86
0
15
0
7
12
0
0
37
15
0
0
0
0
54
0
24
0
4
0
52
0
2
8
10
0
17
0
4
10
16
0
0
0
0
44
0
40
0
0
0
21
0
0
0
2
11
28
0
0
0
13
0
0
19
0
0
0
12
17
0
1
0
10
0
2
1
0
16
25
0
0
0
61
0
0
24
5
0
0
0
0
0
0
0
2
2
4
2
0
0
0
0
0
0
1
14
27
18
22
2
0
0
0
0
13
16
0
0
41
34
0
18
20
0
