46
2
83
166
0
78
7
65
0
133
99
62
0
56
0
41
250
59
250
310
14
89
0
204
0
75
4
247
0
5
8
31
67
30
226
90
71
83
42
297
97
30
0
0
268
345
20
142
261
115
103
26
72
57
0
85
49
0
0
198
168
1
0
7
0
145
65
48
22
89
153
268
331
0
0
3
156
223
0
0
68
43
238
0
0
147
4
25
0
18
37
58
154
0
1
236
47
4
32
19
82
130
153
44
56
197
59
198
58
337
37
110
34
128
134
10
160
159
1
63
12
35
289
10
222
18
175
214
183
0
0
46
334
0
53
18
115
36
0
0
224
56
131
0
302
69
12
14
288
0
34
346
139
94
0
46
191
18
239
247
21
276
141
253
134
0
8
312
0
0
63
48
19
194
186
37
45
58
0
19
78
119
246
37
102
203
83
173
113
0
147
69
69
129
0
22
0
99
87
82
20
244
188
47
0
47
27
63
21
165
104
15
254
36
233
174
66
72
21
353
46
97
63
70
0
120
160
41
12
0
239
43
75
20
18
58
12
6
0
147
98
55
66
139
20
104
18
77
48
0
1
64
0
44
224
67
75
227
222
20
192
26
247
0
46
37
92
67
28
0
132
122
47
10
0
131
40
256
174
0
46
37
188
118
191
110
3
22
0
0
175
3
189
8
0
28
89
95
153
326
77
83
282
115
71
56
334
57
118
96
57
301
27
79
44
33
43
0
22
0
88
15
24
243
182
177
183
108
163
1
121
93
0
424
122
56
74
166
114
190
58
0
159
0
83
24
108
0
0
0
78
5
128
61
17
73
49
33
55
193
224
81
97
39
17
203
229
142
78
36
0
40
85
97
0
23
0
262
0
0
38
122
92
131
77
1
116
0
96
0
32
69
36
0
0
37
251
295
0
102
322
30
0
303
0
4
25
50
79
44
132
204
83
4
285
23
189
120
89
0
80
0
285
0
0
71
42
14
0
263
40
324
62
17
256
136
215
128
0
37
28
2
196
129
0
263
24
83
35
101
12
106
125
79
0
205
242
21
0
25
0
26
0
0
0
13
111
53
71
0
39
85
0
0
0
216
33
181
11
47
35
123
78
35
276
112
154
12
0
22
72
65
36
19
0
38
134
90
48
0
161
106
95
0
247
307
17
0
99
214
60
237
83
0
140
29
42
333
323
116
107
199
126
145
49
46
172
301
2
13
55
16
114
221
250
129
244
246
0
326
25
3
17
320
53
0
121
66
71
0
48
136
146
0
17
43
50
381
55
343
20
55
23
285
0
355
0
0
87
105
26
195
0
0
0
245
293
0
13
101
113
0
13
24
10
61
55
19
0
86
52
41
0
17
181
56
0
12
133
96
120
38
52
0
0
12
239
0
0
22
24
45
55
4
0
34
179
0
17
320
77
83
83
15
0
51
56
167
7
27
27
1
118
375
0
103
179
284
0
29
0
49
63
33
101
1
148
352
48
185
122
72
0
5
246
29
134
25
359
248
14
177
0
0
0
5
199
215
0
314
80
41
198
8
0
21
21
66
63
146
73
8
18
86
31
156
190
0
12
0
61
270
244
0
68
161
82
0
153
84
87
0
21
88
9
6
195
1
0
8
64
47
0
239
308
94
0
45
0
36
50
189
186
219
0
44
138
91
101
0
168
19
17
135
0
83
238
82
0
0
119
7
0
0
0
152
48
111
241
0
0
16
53
33
154
156
49
264
0
325
227
33
67
0
328
0
56
2
115
75
176
33
83
2
0
4
0
130
0
0
130
0
14
36
9
11
20
111
0
0
166
94
0
46
0
74
57
40
0
64
50
167
33
0
321
15
76
50
46
0
23
39
22
0
307
34
0
58
214
149
1
64
168
254
158
96
18
53
0
0
67
52
0
45
0
60
74
249
87
2
84
166
7
0
0
5
20
177
235
0
118
104
64
0
336
129
96
12
295
275
21
1
231
46
131
197
173
204
60
0
22
96
169
0
27
50
2
30
27
0
300
47
0
123
178
0
197
111
1
0
218
40
336
0
120
32
246
85
0
42
116
33
4
210
0
42
26
218
18
100
67
90
0
0
0
112
373
0
0
0
174
152
19
0
164
120
50
255
0
68
4
46
124
0
20
22
185
13
38
116
139
30
305
97
58
158
65
18
27
4
254
291
271
0
222
77
0
208
10
96
67
80
36
167
0
70
43
6
264
0
248
110
59
17
7
15
2
92
20
57
112
134
33
0
93
63
75
85
0
335
355
0
189
68
73
3
0
28
0
0
100
232
10
192
41
113
280
91
19
0
13
84
183
293
220
6
0
230
0
9
63
174
93
0
0
129
136
15
235
24
71
35
100
10
4
14
175
94
17
17
265
3
171
0
287
139
83
124
0
0
2
27
137
16
295
34
56
57
0
3
184
99
71
122
0
29
99
115
0
0
85
59
14
124
0
19
3
81
219
0
69
61
13
69
0
20
9
0
0
0
221
100
203
140
190
36
42
134
49
49
215
30
0
335
0
19
0
0
16
0
68
83
111
3
96
153
146
0
4
91
47
0
38
7
188
80
89
47
61
117
177
37
0
362
38
76
181
177
0
63
0
49
50
0
128
39
0
229
67
67
135
151
0
189
9
40
225
0
0
72
143
31
0
0
91
54
143
26
174
5
208
106
128
0
301
33
125
197
66
5
56
0
0
0
22
24
152
0
20
117
22
61
0
95
26
125
261
51
343
13
38
204
0
168
25
1
0
0
0
77
111
107
381
20
341
113
67
15
330
110
27
54
0
15
35
115
260
162
312
26
134
0
0
0
40
119
0
48
0
0
118
0
48
0
347
0
25
237
155
179
208
191
6
2
12
60
171
63
28
0
0
38
140
195
52
171
23
213
146
0
114
42
76
0
22
258
183
0
94
73
23
9
53
108
83
92
143
0
17
9
153
93
400
180
148
159
0
128
24
198
65
0
316
29
125
275
65
275
14
68
37
261
53
67
0
63
20
312
12
14
65
18
0
6
96
79
0
23
2
80
17
387
264
75
0
99
108
19
254
95
155
0
17
241
225
385
0
2
2
8
24
48
162
397
0
0
377
43
240
27
62
23
2
76
0
133
47
97
101
52
0
371
90
94
29
194
214
