55
2
83
184
0
78
7
89
0
133
99
64
0
56
8
60
250
59
261
361
14
89
0
204
0
75
4
296
59
6
8
31
67
30
265
90
71
88
42
371
97
30
18
82
306
346
20
142
261
245
103
26
72
57
82
85
53
0
2
212
168
1
0
7
0
145
65
48
22
155
154
305
369
0
0
3
199
228
0
0
78
55
244
0
0
147
4
25
0
18
37
58
154
0
2
236
49
4
32
19
82
173
220
102
64
197
59
198
61
430
37
110
54
129
177
10
160
159
148
65
12
35
300
11
222
18
215
231
223
33
17
46
336
46
55
18
115
36
294
0
368
56
131
0
355
69
12
14
342
0
34
365
139
94
0
46
191
18
282
280
21
287
141
253
154
0
8
388
0
0
63
48
20
194
218
37
45
58
0
19
78
119
246
37
102
203
83
173
113
0
147
129
69
133
0
22
17
99
87
89
20
264
188
47
0
47
27
63
21
165
104
15
255
43
233
174
66
72
230
421
46
97
112
70
0
120
160
76
12
221
246
43
75
20
19
58
12
8
0
147
98
55
66
139
20
106
18
77
48
0
1
64
48
51
224
67
75
227
222
20
192
47
247
0
46
37
92
67
28
0
132
122
47
10
0
131
40
256
231
0
46
37
188
118
191
110
3
22
0
0
175
3
245
8
85
28
89
95
153
393
77
83
282
115
86
56
385
84
129
200
57
301
27
273
93
33
43
13
22
0
88
15
24
243
253
177
212
108
163
87
121
109
0
424
138
56
74
166
114
233
58
0
159
0
83
24
108
0
0
0
78
5
187
61
83
84
49
33
58
206
224
81
97
39
17
203
229
142
78
36
39
40
85
105
0
120
0
262
0
93
38
122
106
138
77
1
116
46
125
59
32
69
36
0
0
38
352
341
0
112
403
30
6
375
0
4
25
50
79
44
135
204
83
4
378
23
213
128
102
0
106
0
355
0
42
71
42
14
17
369
40
324
62
17
400
136
268
128
0
37
28
51
211
129
0
263
24
83
35
101
12
220
125
79
0
205
242
21
0
173
0
26
0
0
0
13
111
53
71
77
39
85
0
0
0
255
33
181
17
48
35
123
78
35
319
112
154
12
0
22
72
65
36
19
0
38
134
90
48
0
161
106
95
134
278
311
22
148
99
245
60
237
83
0
140
29
43
402
414
133
107
199
198
145
81
46
172
335
2
27
55
18
114
255
259
129
244
246
0
386
25
3
18
320
53
0
121
66
71
0
48
136
146
192
17
43
50
410
55
383
20
55
23
298
0
398
0
0
100
115
33
195
0
0
0
323
349
44
13
216
113
0
13
38
10
61
55
19
0
86
52
41
0
17
181
56
242
26
133
219
120
38
68
31
136
12
285
84
0
22
24
45
60
4
0
34
179
45
135
442
77
83
84
15
0
51
56
167
7
34
27
5
118
430
0
338
179
284
46
29
0
49
63
33
101
1
148
352
72
198
122
72
10
5
283
29
134
31
448
248
14
186
0
6
0
5
199
289
51
365
80
41
199
8
0
21
21
66
63
146
73
8
18
86
137
156
190
0
12
0
61
346
280
117
68
161
281
0
162
89
87
0
21
88
9
6
195
1
0
8
64
47
19
239
355
94
0
45
128
42
50
373
186
227
0
44
138
91
101
0
168
19
17
274
0
83
310
82
6
0
119
7
1
0
0
152
48
111
241
0
0
16
53
33
172
156
49
264
28
373
232
33
67
0
368
0
56
2
115
75
176
33
83
84
0
4
0
167
0
0
130
0
14
36
19
11
20
111
0
0
166
94
28
47
0
74
57
40
0
64
50
167
33
0
364
15
76
50
46
0
23
39
22
14
344
34
0
58
214
376
1
64
168
316
207
96
56
95
0
0
67
52
0
45
10
93
74
258
87
2
84
166
7
0
0
5
20
309
245
0
118
104
64
78
414
129
97
12
408
308
21
1
231
46
182
197
173
271
119
0
22
96
169
0
27
50
2
30
27
0
378
47
0
123
183
96
217
111
133
0
218
40
336
0
120
32
246
164
0
45
116
72
4
325
0
42
26
218
18
140
67
95
107
0
0
112
403
0
35
260
174
152
19
0
222
120
50
319
38
273
4
46
124
0
23
22
185
13
38
116
139
30
305
113
58
158
65
18
27
4
261
345
310
0
245
77
20
235
16
323
67
80
36
167
0
70
43
6
264
0
279
110
61
18
118
15
2
92
20
57
112
134
33
100
93
63
75
85
0
374
355
0
263
69
73
3
18
28
0
0
100
232
10
212
41
113
334
91
107
26
13
84
183
293
244
6
0
274
0
17
63
174
93
101
0
129
136
17
235
24
71
35
100
13
4
14
187
107
17
17
284
5
171
0
357
139
83
190
0
0
2
27
137
16
360
57
56
57
0
3
184
99
71
186
68
29
99
115
80
110
85
59
14
191
212
19
3
81
368
0
69
61
13
89
0
20
9
0
0
0
221
100
203
140
190
36
42
134
49
49
215
30
41
394
0
107
0
0
18
0
68
83
111
60
96
153
146
0
234
91
47
0
38
7
188
80
93
75
67
117
195
37
0
425
38
76
183
177
30
63
0
49
98
0
128
39
0
229
68
67
135
151
0
218
9
40
225
152
0
72
143
31
0
0
91
54
143
26
251
5
208
106
141
0
301
33
125
198
106
20
56
21
0
42
22
24
152
9
20
117
22
61
60
104
26
125
261
51
343
13
38
264
0
205
25
1
0
0
0
80
111
107
402
20
341
113
67
15
330
110
27
54
0
15
35
115
360
162
337
26
134
0
0
0
40
119
18
48
0
24
124
0
65
0
348
0
25
237
258
179
208
191
6
2
12
60
171
63
31
79
73
38
140
221
52
171
23
262
229
0
114
42
80
0
53
370
206
42
107
73
23
9
53
108
83
93
143
0
17
9
153
93
459
181
148
159
0
133
24
198
215
0
345
29
125
394
84
366
14
68
37
398
172
67
16
63
22
408
12
14
65
18
4
6
96
79
12
24
2
80
17
394
352
75
78
99
108
145
254
95
221
0
83
241
324
430
155
2
2
8
24
48
162
495
210
0
427
43
255
27
65
25
2
76
0
183
111
97
101
192
0
416
90
94
29
201
302
