0
2
0
43
0
0
2
27
0
0
80
19
0
0
0
0
122
0
0
104
0
10
0
30
0
30
2
0
0
5
8
31
0
0
67
0
7
0
0
0
0
29
0
0
80
114
0
0
57
0
0
0
57
15
0
0
0
0
0
62
99
1
0
0
0
0
33
31
0
0
25
92
0
0
0
0
0
34
0
0
0
0
0
0
0
0
0
0
0
15
37
14
20
0
0
76
0
0
0
0
0
0
0
0
0
68
0
0
0
0
35
21
0
60
0
10
0
55
0
26
0
35
10
0
94
0
0
61
0
0
0
0
0
0
43
0
0
28
0
0
0
0
131
0
46
38
0
10
42
0
14
0
50
26
0
0
0
2
103
21
0
0
22
28
36
0
0
0
0
0
28
48
0
4
51
0
0
0
0
16
23
46
18
37
46
0
1
5
113
0
78
0
0
46
0
0
0
0
35
10
20
73
118
23
0
47
0
63
0
45
0
15
60
0
0
63
0
62
0
100
0
57
0
19
0
37
0
0
8
0
0
0
0
15
0
17
11
0
0
24
4
55
40
30
20
0
0
77
10
0
0
64
0
0
0
26
15
0
50
17
0
0
0
0
17
37
28
21
28
0
0
48
47
0
0
0
28
8
0
0
43
0
50
71
0
0
3
22
0
0
0
3
0
2
0
28
23
32
126
0
0
83
0
0
11
16
0
31
12
30
24
0
10
0
0
0
19
0
20
0
0
0
23
22
47
51
0
0
120
0
13
7
0
24
36
56
0
0
34
0
48
0
0
0
0
24
43
0
0
0
29
3
0
0
15
44
0
0
22
8
22
0
79
3
0
0
0
0
0
8
0
29
0
48
0
0
0
0
0
0
3
27
0
6
29
0
0
0
0
0
20
9
0
0
0
0
0
97
0
26
0
0
0
0
0
4
0
0
0
36
27
90
0
4
0
0
0
45
0
0
0
0
0
0
0
45
42
0
0
0
21
91
0
16
0
77
25
0
0
11
0
0
0
0
0
2
24
28
33
0
11
0
0
56
0
0
0
0
0
0
0
18
0
0
0
0
4
53
0
0
0
45
0
0
0
0
24
126
0
0
35
17
22
6
0
0
0
12
0
20
56
48
0
0
0
23
0
85
0
0
0
0
19
0
33
0
0
0
0
67
0
49
24
0
107
29
34
0
0
22
76
58
0
0
14
30
0
161
2
0
55
0
6
47
0
101
11
8
0
94
0
2
0
37
43
0
63
49
0
0
7
79
57
0
0
34
35
39
16
45
20
48
0
22
0
0
71
0
16
54
17
43
0
0
0
0
0
0
0
0
27
0
10
0
0
0
0
3
0
0
0
41
0
17
5
56
0
0
70
0
0
8
0
0
0
0
23
0
0
0
14
45
5
4
0
34
0
0
0
0
32
50
0
15
0
30
17
54
3
0
25
1
0
121
0
0
48
0
0
4
0
0
12
0
0
0
86
0
0
23
117
0
0
3
0
23
0
24
0
82
0
69
0
0
0
5
76
109
0
37
40
10
44
0
0
17
9
31
0
1
0
0
0
22
0
19
67
0
12
0
0
0
0
0
0
0
0
0
2
34
0
0
0
62
8
6
131
1
0
8
0
0
0
118
117
0
0
45
0
3
15
0
21
0
0
44
56
41
60
0
0
0
0
0
0
10
0
35
0
0
0
7
0
0
0
0
48
60
0
0
0
16
4
0
27
120
29
0
0
18
4
0
49
0
141
0
7
2
0
75
106
0
0
0
0
4
0
0
0
0
23
0
14
10
0
0
0
44
0
0
102
11
0
13
0
55
48
40
0
37
50
39
33
0
101
15
76
0
37
0
23
27
22
0
78
0
0
58
101
0
0
37
0
11
0
31
0
0
0
0
67
0
0
24
0
0
0
65
0
2
0
158
0
0
0
4
0
15
0
0
46
19
0
0
19
62
0
12
9
21
0
1
0
0
0
19
136
0
12
0
22
69
0
0
0
41
0
0
27
0
19
0
0
58
0
0
23
26
0
0
99
0
140
0
38
32
0
0
0
25
62
0
3
0
0
12
22
0
18
0
0
43
0
0
0
85
17
0
0
0
0
0
9
0
0
0
19
0
0
0
4
0
0
0
20
0
0
0
0
31
33
30
0
0
0
15
56
16
8
4
0
0
80
0
0
77
0
0
0
0
65
0
7
3
0
28
17
6
0
0
0
91
30
17
0
0
2
45
20
46
35
16
0
0
19
0
0
19
0
31
126
0
0
0
0
0
0
0
0
0
0
0
0
68
0
0
0
91
0
0
0
19
33
82
0
6
0
36
0
0
63
0
7
0
0
4
91
14
0
3
0
0
67
0
0
14
0
60
16
17
0
3
27
0
0
14
0
0
0
0
2
7
44
0
30
0
0
4
0
0
0
22
11
0
0
7
48
0
0
0
63
59
14
0
0
0
0
65
0
0
55
6
0
16
0
20
1
0
0
0
62
0
0
0
0
36
0
51
0
0
48
0
0
27
0
0
0
0
0
0
65
0
11
0
37
0
61
0
0
61
0
0
19
4
62
0
2
0
35
0
0
2
0
11
38
60
60
84
0
61
0
5
0
0
91
0
0
0
33
2
99
108
0
0
9
36
68
0
0
0
61
26
0
0
0
0
0
11
0
5
93
65
38
0
79
0
0
0
0
0
17
0
0
0
10
0
0
0
0
56
0
0
0
50
26
42
0
0
165
13
23
44
0
0
6
1
0
0
0
15
0
51
24
20
55
75
67
0
41
110
27
0
0
15
35
29
0
0
59
3
0
0
0
0
34
0
0
47
0
0
0
0
20
0
0
0
6
0
0
0
0
98
0
2
2
0
143
16
1
0
0
2
109
31
46
0
9
46
0
0
59
15
6
0
0
0
97
0
42
0
5
9
53
0
47
30
45
0
17
0
37
10
64
0
0
0
0
63
0
85
0
0
31
29
4
0
0
46
14
66
0
0
0
38
0
0
19
0
0
14
56
17
0
6
28
33
0
20
2
21
17
66
0
24
0
99
0
0
37
41
0
0
16
0
0
20
0
2
2
8
3
3
15
47
0
0
0
16
37
27
22
23
2
0
0
0
0
31
48
0
0
122
36
0
29
51
0
