55
2
83
184
0
78
7
100
233
133
99
67
0
56
46
60
250
59
261
395
14
89
52
204
0
75
4
325
137
6
8
31
67
30
308
90
71
88
42
428
97
30
18
143
348
346
20
142
261
320
103
26
72
57
96
85
53
0
93
239
168
1
33
41
0
145
65
48
22
266
154
305
440
12
120
3
199
228
0
49
78
55
244
0
10
147
4
25
24
19
37
58
154
0
2
236
49
4
32
20
82
173
220
289
305
197
59
198
63
562
37
110
54
129
293
10
160
159
305
66
12
35
300
11
222
18
215
242
245
61
17
46
336
46
58
18
115
36
305
0
488
56
131
0
446
69
12
14
375
77
34
365
139
94
0
46
191
18
291
314
21
287
141
253
185
0
9
442
0
17
63
48
20
194
245
37
45
58
28
99
78
119
246
37
102
203
83
173
113
8
147
173
69
137
0
102
22
99
87
329
20
264
188
47
0
47
27
63
21
165
104
15
255
43
233
174
66
72
293
421
46
97
112
70
14
120
160
76
12
312
246
43
20
75
19
58
12
9
0
147
98
55
66
139
20
18
106
77
48
0
1
64
379
56
224
75
67
227
222
20
192
47
247
0
46
67
37
92
28
88
132
122
47
10
0
131
41
256
252
0
46
37
188
118
191
110
3
22
0
0
175
3
245
8
85
28
89
95
153
502
77
83
282
115
86
56
412
85
142
323
57
301
27
408
101
33
43
13
22
185
88
15
24
243
398
177
212
108
163
87
121
109
0
424
138
56
74
166
114
319
58
19
159
43
83
24
108
0
0
0
78
5
295
61
182
87
49
33
59
231
224
81
97
39
17
203
229
142
78
37
40
39
85
105
236
120
0
262
0
99
38
107
122
138
77
1
116
199
312
59
32
69
36
0
10
38
391
341
0
123
403
30
72
375
0
4
25
50
79
44
135
204
83
4
403
23
213
131
109
0
106
0
435
81
53
71
42
14
98
435
40
324
62
104
552
136
294
128
284
37
28
51
211
129
177
263
24
83
35
101
12
226
125
79
146
205
242
21
4
258
19
26
21
0
0
13
111
53
71
113
39
85
0
0
70
255
33
181
17
48
35
123
78
35
332
112
154
12
64
23
72
65
36
22
90
38
134
90
48
20
161
106
95
171
307
311
22
183
99
245
60
237
0
83
140
29
43
436
530
144
107
199
365
145
99
46
172
335
2
40
55
114
272
18
276
129
244
246
0
464
25
3
18
320
53
286
121
66
71
26
48
136
146
192
17
43
410
50
55
406
20
55
24
298
18
413
416
0
107
128
36
195
0
199
0
342
366
54
13
265
113
0
13
38
10
61
55
19
0
86
52
41
33
17
181
56
262
27
133
238
120
38
78
68
488
12
285
84
12
22
24
45
60
4
168
34
179
72
375
557
77
83
84
16
0
51
56
167
7
111
27
5
118
512
0
359
179
284
346
29
0
49
63
33
101
1
148
72
352
198
122
72
10
5
315
134
29
33
543
248
14
197
175
6
513
5
199
344
178
399
80
41
199
8
0
21
21
66
63
146
73
8
18
86
137
156
190
0
13
24
61
387
361
150
68
161
281
207
162
91
87
0
21
88
9
6
195
1
0
8
64
47
19
239
408
94
94
45
319
63
50
426
186
227
0
44
138
91
101
83
168
19
17
352
0
83
350
82
6
48
119
7
48
0
0
152
48
111
241
0
7
16
53
33
179
156
49
264
28
412
232
33
67
61
377
91
56
2
115
75
176
33
83
84
0
4
0
167
16
0
130
0
14
36
19
11
20
111
30
39
166
94
28
48
0
74
57
40
86
64
50
167
33
24
392
15
76
50
46
0
23
39
22
49
393
34
0
58
214
516
1
168
64
369
231
96
60
99
80
0
67
52
348
45
10
93
74
258
87
2
84
166
7
0
0
5
21
349
264
0
118
104
64
78
471
129
97
12
439
316
21
1
231
46
195
197
173
332
124
114
22
96
169
0
27
50
2
30
27
288
397
47
0
123
210
96
223
111
137
19
218
40
336
0
120
32
246
164
0
47
116
72
5
397
0
42
26
218
18
140
67
95
107
264
0
112
403
30
35
393
174
152
19
0
276
120
50
319
38
273
4
46
124
42
24
22
185
13
38
116
139
30
305
117
58
158
65
18
27
4
261
369
327
0
296
77
20
235
16
447
67
80
36
167
0
70
43
6
264
72
296
110
61
23
118
15
92
3
20
57
112
134
33
100
93
63
75
85
253
376
355
205
263
321
73
3
172
28
69
17
100
232
10
225
41
113
334
91
107
72
13
84
183
293
244
6
94
306
0
31
63
174
93
101
0
129
136
17
235
24
71
35
100
13
4
14
187
111
98
17
284
5
171
11
389
139
83
190
68
0
2
27
137
16
418
57
57
56
0
3
184
99
71
276
153
29
99
115
86
298
85
59
14
191
369
19
3
81
431
0
69
61
13
119
0
20
9
235
0
0
221
100
203
140
190
36
42
134
49
49
215
30
41
448
17
107
125
0
21
48
68
83
111
60
96
153
146
0
379
91
47
39
38
7
188
80
93
75
71
117
218
37
14
523
38
76
183
177
41
63
0
49
98
0
128
39
60
229
77
67
135
151
0
295
9
40
225
281
0
72
143
31
52
90
91
54
143
26
251
5
208
106
141
0
301
33
125
198
118
22
56
74
0
150
22
24
152
37
20
117
22
61
60
107
26
125
261
51
343
13
38
273
0
249
25
1
78
0
0
80
111
107
402
20
341
113
67
15
330
110
27
54
94
15
35
115
400
162
388
26
134
38
0
240
40
119
23
48
0
30
124
291
66
44
348
102
25
237
305
179
208
191
6
2
12
60
171
63
253
79
73
38
140
247
52
171
23
308
333
18
114
42
81
91
116
416
234
469
111
73
23
9
53
108
83
93
143
0
17
9
153
93
492
181
148
159
0
155
24
198
258
0
397
29
125
432
84
441
14
68
37
572
172
67
63
16
26
424
12
14
65
18
231
6
96
79
142
25
2
80
17
394
396
75
78
99
108
175
254
95
276
0
105
241
381
478
197
2
2
24
8
48
162
594
270
0
427
43
255
27
70
31
2
76
17
212
119
97
101
207
251
416
90
94
29
201
396
