0
2
0
109
0
0
7
34
0
3
99
27
0
0
0
0
175
59
0
141
0
63
0
63
0
53
4
0
0
5
8
31
0
1
107
0
27
0
0
0
0
30
0
0
163
225
7
7
169
0
33
0
72
57
0
1
0
0
0
90
166
1
0
6
0
32
65
39
0
0
94
140
64
0
0
0
0
161
0
0
0
0
9
0
0
16
0
0
0
17
37
21
97
0
1
169
23
3
0
0
0
0
27
0
0
136
8
0
0
51
37
67
0
83
0
10
0
122
0
43
0
35
44
0
144
0
0
115
0
0
0
0
0
0
48
0
66
36
0
0
0
0
131
0
157
69
0
13
144
0
34
51
101
94
0
0
0
13
160
129
0
0
94
196
83
0
5
59
0
0
63
48
0
80
113
16
7
0
0
17
78
119
96
37
89
45
26
62
113
0
117
0
0
90
0
0
0
3
87
37
20
116
175
44
0
47
3
63
0
122
0
15
99
0
70
110
0
72
0
178
0
97
0
70
0
108
16
0
11
0
12
40
0
20
0
24
11
4
0
70
97
55
66
74
20
25
0
77
48
0
1
64
0
1
54
67
64
7
153
20
0
0
38
0
41
37
90
34
28
0
0
71
47
10
0
0
36
127
0
0
46
0
135
118
71
0
3
22
0
0
4
3
0
2
0
28
50
93
153
11
75
83
144
0
17
17
54
43
55
44
28
109
27
0
0
0
43
0
22
0
41
0
24
133
68
144
0
0
145
0
67
45
0
123
64
56
0
0
109
0
56
0
0
0
16
24
108
0
0
0
78
4
0
0
16
46
49
0
34
88
166
0
97
39
16
139
0
0
9
11
0
35
0
58
0
0
0
100
0
0
19
86
0
62
77
0
17
0
0
0
31
33
16
0
0
0
0
170
0
36
0
0
0
0
0
4
15
0
0
44
67
154
0
4
76
7
0
87
0
0
0
0
0
0
0
71
42
0
0
0
21
157
0
17
0
130
113
0
0
32
0
0
0
6
0
20
24
83
35
0
11
0
0
79
0
44
86
21
0
0
0
26
0
0
0
0
104
53
71
0
39
62
0
0
0
71
33
181
0
20
35
79
78
22
0
0
0
12
0
20
72
65
0
0
0
38
2
90
0
0
34
0
23
0
42
60
0
0
0
145
26
112
83
0
140
29
40
38
0
67
107
152
0
66
22
43
0
193
2
0
55
0
86
106
41
129
46
51
0
132
0
3
0
102
53
0
88
66
0
0
48
111
133
0
0
38
50
155
35
149
20
55
19
77
0
0
148
0
24
85
17
85
0
0
0
35
0
0
0
0
82
0
10
0
0
0
0
8
0
0
16
41
0
17
104
56
0
1
124
0
0
17
0
0
0
0
119
0
0
0
24
45
21
4
0
34
143
0
0
0
77
71
0
15
0
51
43
113
7
0
27
1
0
176
0
0
70
0
0
28
0
0
54
16
13
0
148
46
0
75
122
25
0
5
12
29
0
25
0
145
5
111
0
0
0
5
158
150
0
81
80
38
110
2
0
21
21
66
0
1
0
0
0
86
0
50
128
0
12
0
40
58
19
0
0
0
0
0
8
65
87
0
19
80
9
6
188
1
0
8
0
47
0
209
169
1
0
45
0
31
50
0
111
0
0
44
100
47
97
0
0
0
12
0
0
64
0
65
0
0
76
7
0
0
0
18
48
111
85
0
0
16
52
0
81
156
29
0
0
39
37
0
67
0
207
0
55
2
10
75
133
0
21
0
0
4
0
0
0
0
120
0
14
36
0
0
0
54
0
0
166
67
0
14
0
74
57
40
0
64
50
102
33
0
157
15
76
0
46
0
23
35
22
0
146
34
0
58
156
0
0
64
0
35
0
91
0
0
0
0
67
0
0
25
0
0
74
121
0
2
0
166
4
0
0
4
18
55
69
0
99
59
0
0
65
129
4
12
58
119
21
1
59
3
0
151
173
0
32
0
22
96
0
0
0
50
0
0
27
0
46
0
0
107
57
0
74
77
0
0
215
38
217
0
120
32
54
0
0
31
116
0
3
0
0
42
26
69
18
0
40
64
0
0
0
112
101
0
0
0
0
0
15
0
0
27
32
0
0
0
4
46
78
0
20
16
0
0
0
69
138
30
82
0
0
89
65
16
11
4
0
11
146
0
56
77
0
77
0
0
67
0
36
84
0
70
22
6
8
0
12
110
49
17
0
0
2
65
20
57
78
131
15
0
40
0
0
85
0
57
186
0
0
11
0
3
0
10
0
0
0
0
10
108
0
0
0
91
0
0
0
84
97
136
25
6
0
136
0
0
63
76
68
0
0
69
136
15
21
24
0
35
81
0
0
14
0
75
16
17
100
3
81
0
0
74
36
0
0
0
2
27
95
0
131
0
0
6
0
0
0
77
70
0
0
29
99
7
0
0
78
59
14
18
0
0
3
76
0
0
69
7
0
22
0
20
1
0
0
0
196
29
52
2
0
36
0
92
49
0
163
0
0
127
0
0
0
0
0
0
68
0
111
0
37
126
118
0
0
91
0
0
33
6
137
59
38
0
54
0
24
37
0
105
38
76
122
115
0
63
0
47
0
0
120
0
0
0
58
53
115
151
0
25
9
40
129
0
0
21
108
29
0
0
0
46
70
13
0
5
202
89
46
0
176
10
0
45
0
0
21
0
0
0
15
0
0
0
18
115
0
7
0
60
26
125
0
35
233
13
38
121
0
33
20
1
0
0
0
36
0
107
143
20
128
96
67
0
150
110
27
21
0
15
35
115
0
78
131
25
88
0
0
0
37
0
0
48
0
0
30
0
32
0
2
0
17
0
0
82
30
174
0
2
5
27
171
63
20
0
0
38
133
96
52
0
10
112
0
0
91
17
30
0
0
0
126
0
65
0
18
9
53
37
83
69
119
0
17
0
100
20
158
74
0
86
0
83
3
135
0
0
143
29
26
0
0
72
14
68
0
0
0
61
0
0
20
0
12
14
65
17
0
6
79
79
0
20
2
80
17
228
0
75
0
99
4
0
147
95
0
0
17
52
0
84
0
2
2
8
24
24
146
152
0
0
0
31
128
27
38
23
2
60
0
0
0
97
89
0
0
184
63
0
29
129
0
