0
7
237
757
0
274
311
538
0
777
559
117
777
0
0
237
749
0
182
789
0
764
780
0
0
580
708
571
377
0
106
26
0
111
766
120
33
712
0
0
241
79
0
0
787
596
582
767
778
0
580
0
202
629
0
347
0
782
0
0
569
25
576
0
0
397
248
75
124
0
717
738
0
0
708
220
0
0
750
0
0
621
0
0
0
48
0
658
0
787
144
720
772
617
0
180
726
334
643
0
82
669
479
0
0
615
721
229
409
686
133
772
396
0
0
17
679
86
0
768
313
45
607
0
684
0
0
796
0
0
38
428
0
539
0
522
583
0
0
0
440
0
130
0
698
497
671
346
0
741
687
366
439
580
0
146
0
165
774
726
0
0
707
720
793
66
0
645
0
0
182
320
0
693
737
130
556
741
0
0
452
657
119
612
752
719
324
427
263
0
674
0
0
0
772
595
0
605
0
789
202
336
632
786
0
231
239
147
666
462
632
0
104
467
689
529
310
0
758
779
280
111
579
0
0
497
202
0
785
0
408
67
388
411
0
781
637
674
770
0
297
659
109
500
57
132
466
149
58
0
19
190
698
534
0
772
563
642
257
711
0
659
614
0
0
599
289
278
96
0
45
81
337
767
0
692
269
0
793
0
251
651
0
698
328
194
5
265
0
0
14
577
233
130
0
99
523
322
732
576
323
501
291
681
796
96
666
656
664
779
35
590
661
0
0
537
347
0
0
0
482
723
2
262
771
786
695
496
297
0
656
688
771
761
0
386
604
361
0
347
678
521
109
0
0
47
257
131
0
0
596
583
167
755
0
112
794
0
791
703
569
218
665
531
4
465
525
402
130
764
217
804
674
0
0
636
0
0
0
0
627
428
555
702
492
0
0
550
0
328
437
147
765
0
0
339
771
236
0
745
291
137
0
380
0
426
259
71
2
0
566
722
801
551
643
774
414
0
0
95
0
0
0
0
581
241
84
0
0
515
722
0
786
3
742
295
774
341
0
738
333
0
356
558
0
155
70
273
310
712
480
795
479
0
0
589
46
688
0
0
357
0
0
0
0
324
583
448
28
0
209
782
0
0
0
529
449
284
0
697
277
314
606
723
563
622
420
0
785
0
348
68
372
0
0
313
282
455
0
0
660
127
613
0
725
650
0
187
751
0
248
562
452
770
0
96
780
770
582
77
337
464
712
0
711
662
3
181
775
0
237
0
648
746
616
536
561
741
0
767
89
40
262
701
312
498
0
779
0
0
689
303
266
707
0
675
445
783
738
745
34
569
330
0
581
761
0
0
753
775
778
0
784
0
0
22
0
500
657
0
284
782
667
0
0
311
583
373
0
0
201
199
612
141
0
273
683
775
0
0
92
765
73
0
0
558
43
0
0
0
175
332
356
32
0
92
551
0
0
24
488
0
775
755
0
360
274
782
678
193
140
232
226
0
749
542
460
0
0
160
392
531
324
633
0
569
259
650
0
770
371
216
752
0
596
435
426
781
784
477
749
602
0
0
0
139
231
727
0
764
499
49
779
736
0
203
20
77
580
546
49
222
18
146
0
488
753
764
0
0
365
470
652
511
0
557
732
0
0
775
438
424
702
463
0
311
85
1
644
0
705
319
90
0
799
185
541
654
0
0
274
720
94
0
0
361
753
670
804
0
39
0
161
0
0
712
685
0
0
553
165
618
0
0
0
248
452
593
341
0
340
127
0
0
759
337
598
0
485
753
183
748
0
765
0
263
472
267
496
0
174
764
430
0
0
14
0
0
0
0
247
201
237
0
780
0
760
0
0
0
602
483
0
758
770
191
112
568
303
0
86
658
269
0
774
313
200
116
146
0
689
24
292
770
0
139
460
796
0
0
389
0
701
431
751
195
0
0
0
0
176
0
0
782
0
350
0
3
0
764
0
450
339
0
0
601
706
764
0
607
205
634
0
0
769
383
564
614
698
759
66
344
1
670
207
531
604
0
777
0
439
0
0
176
0
612
307
181
196
0
52
676
301
736
669
734
0
0
725
0
268
301
343
756
0
269
678
0
783
0
269
433
0
184
0
225
240
173
577
0
371
0
776
0
0
533
164
0
0
0
571
337
695
0
173
279
695
0
96
0
265
5
654
762
0
481
73
191
450
774
191
559
681
147
535
312
691
540
718
797
342
764
535
0
635
182
672
0
0
0
336
0
177
564
0
260
219
449
506
0
528
795
573
788
0
403
716
185
0
731
125
540
477
722
0
428
437
0
767
0
0
764
0
0
653
432
504
0
0
0
454
0
100
79
745
109
0
387
534
0
379
617
798
0
688
9
0
0
0
786
626
644
0
471
0
623
123
195
635
624
173
434
0
0
770
417
127
763
767
806
688
680
803
0
480
754
0
425
0
0
701
7
83
0
742
10
0
791
0
0
372
552
479
590
0
261
359
195
0
0
177
593
110
547
0
0
19
714
74
0
37
204
102
708
778
272
108
0
0
0
717
533
681
507
477
87
658
277
29
0
245
701
0
0
776
0
0
0
0
0
0
443
486
0
698
609
163
86
0
0
669
0
446
770
0
742
0
723
435
800
94
83
581
0
719
139
283
799
724
0
352
647
0
0
0
726
247
0
0
766
156
472
673
758
0
605
290
321
0
0
604
525
758
0
0
575
227
604
512
0
34
726
694
595
0
378
400
761
612
0
298
0
0
0
0
204
473
0
651
0
569
214
31
0
798
549
122
458
0
773
106
537
623
746
0
327
1
0
0
0
575
735
0
755
758
63
696
39
746
759
212
271
327
0
758
207
480
664
199
795
75
79
554
0
0
0
694
458
0
0
607
0
0
780
0
718
473
0
0
0
44
653
0
684
620
451
267
764
450
687
368
652
0
0
697
406
773
520
749
0
752
721
772
0
0
82
77
773
0
735
49
458
200
468
0
694
445
555
757
0
775
0
40
755
742
199
653
489
727
0
110
770
0
713
0
719
216
0
0
727
203
411
0
0
0
223
643
359
0
0
99
19
505
774
0
240
10
197
778
0
18
317
19
700
0
393
415
423
0
0
752
708
484
0
0
587
688
710
0
0
182
49
373
607
471
330
726
0
0
612
101
297
765
765
5
308
0
2
0
349
148
520
0
0
418
333
18
791
0
