0
0
0
80
0
0
0
0
0
238
218
0
298
0
0
0
19
0
0
301
0
207
234
0
0
176
103
168
0
0
106
26
0
0
47
0
0
0
0
0
241
0
0
0
166
0
0
260
344
0
238
0
18
0
0
0
0
36
0
0
0
25
0
0
0
0
124
31
0
0
0
92
0
0
0
0
0
0
264
0
0
0
0
0
0
0
0
0
0
227
0
0
0
0
0
0
285
123
0
0
0
0
0
0
0
0
114
0
0
0
26
240
208
0
0
0
69
86
0
246
284
0
200
0
0
0
0
238
0
0
38
0
0
0
0
203
0
0
0
0
170
0
0
0
8
2
279
0
0
78
0
0
227
0
0
0
0
165
179
33
0
0
0
77
144
0
0
0
0
0
0
10
0
0
14
0
0
57
0
0
38
156
19
247
0
0
253
0
0
0
0
0
0
0
183
0
0
56
0
102
202
0
63
170
0
11
0
50
17
0
59
0
104
0
0
222
0
0
17
81
0
0
218
0
0
0
90
0
225
0
0
0
0
12
0
97
0
5
253
0
220
0
20
0
57
2
0
149
0
0
19
190
0
0
0
129
189
0
0
0
0
161
0
0
0
33
160
247
96
0
0
0
272
232
0
0
0
0
248
0
59
0
0
17
277
0
5
244
0
0
14
0
19
0
0
28
108
33
20
0
0
0
0
0
198
96
0
0
18
148
35
237
0
0
0
46
58
0
0
0
0
26
0
0
120
354
51
0
0
0
0
0
63
20
0
86
100
0
0
0
121
0
0
0
0
21
12
61
0
0
145
29
0
3
0
0
156
0
82
0
141
0
0
1
0
0
0
0
0
306
0
246
176
0
0
0
0
0
0
0
2
254
21
2
0
0
0
0
0
0
0
0
298
0
0
0
97
0
0
0
0
0
0
0
0
302
0
62
0
0
171
8
166
0
0
207
0
0
0
0
0
0
0
0
0
0
18
0
0
0
53
0
136
0
54
14
238
0
0
18
0
0
119
0
0
0
70
0
64
0
58
194
0
0
0
0
0
0
0
0
19
0
0
0
0
0
0
217
0
0
0
36
0
0
0
122
54
0
0
0
187
0
126
4
0
77
0
0
140
0
224
0
130
0
0
11
0
279
0
0
0
0
0
0
0
0
0
0
50
0
0
110
0
52
0
30
287
82
0
0
0
5
0
0
25
271
3
0
280
0
18
0
8
18
0
178
8
0
0
202
0
25
197
0
0
114
0
129
0
0
171
0
0
197
0
0
47
210
0
134
0
0
46
0
0
12
0
0
18
245
279
0
129
0
0
0
0
0
0
0
0
262
14
0
0
181
8
0
0
0
201
0
0
141
0
273
272
98
0
0
0
208
0
0
0
56
0
0
0
0
19
4
8
17
0
92
0
0
0
0
0
0
148
112
0
219
13
28
0
0
0
232
0
0
46
3
137
0
0
0
0
4
0
0
0
104
0
0
0
97
72
0
147
0
0
0
0
209
234
0
52
0
0
0
0
139
77
71
0
122
0
0
31
31
0
17
20
0
0
78
0
18
0
0
0
7
276
147
0
0
0
0
0
0
0
0
4
0
0
181
56
0
198
0
0
251
17
1
221
0
304
0
0
0
138
117
0
0
0
0
0
23
0
0
0
261
39
200
284
0
0
0
0
0
0
28
0
0
0
0
165
0
0
0
0
48
0
0
0
0
136
0
0
0
0
187
300
0
0
0
183
9
0
201
0
208
0
24
0
0
0
238
0
0
0
14
0
0
0
0
247
0
237
0
355
0
183
0
0
0
0
0
0
156
136
61
60
197
17
0
64
181
208
0
75
149
0
116
0
0
0
24
25
61
0
0
205
254
0
0
77
0
4
0
0
78
0
0
0
0
176
0
0
307
0
0
0
3
0
96
0
247
28
0
0
106
0
154
0
0
68
21
0
0
0
232
42
0
0
12
0
0
1
0
0
59
0
0
212
0
8
0
0
176
0
186
0
181
0
0
52
107
0
4
0
15
0
0
0
0
64
13
0
64
0
129
0
0
190
0
269
0
0
0
0
0
0
173
0
0
0
0
225
0
0
252
0
0
0
0
0
0
0
0
0
0
240
0
0
0
0
5
0
63
0
0
0
0
0
64
191
4
0
0
0
0
0
44
0
187
0
125
0
0
0
0
0
0
0
0
6
0
0
3
0
171
219
56
0
0
81
220
0
282
0
97
0
15
0
108
0
90
0
66
0
0
20
0
0
0
0
128
0
0
0
0
295
0
0
0
0
0
0
0
153
109
0
0
0
0
0
4
285
0
0
0
0
0
0
215
0
17
0
273
0
209
0
109
0
0
0
0
0
0
294
235
0
119
204
352
0
0
246
0
0
16
0
0
0
0
41
7
0
0
22
0
0
91
0
0
1
0
0
99
0
0
0
0
0
0
177
40
110
0
0
0
0
268
0
0
37
26
0
0
119
173
21
0
0
0
32
0
0
0
0
80
0
0
0
0
0
0
0
0
56
0
0
0
0
0
0
74
0
0
8
0
52
86
0
0
141
0
77
184
0
0
0
0
0
209
0
2
0
0
12
28
248
225
42
0
76
0
0
0
0
81
0
0
0
71
0
42
0
297
0
0
246
321
0
0
218
0
15
0
0
5
0
0
0
0
34
55
197
31
0
0
0
272
0
0
0
0
0
0
0
204
0
0
0
0
44
0
0
0
262
20
122
0
0
271
106
21
0
35
0
40
1
0
0
0
234
0
0
101
106
63
141
0
17
74
212
0
241
0
113
93
2
0
0
162
0
45
0
0
0
0
300
275
0
0
0
0
0
163
0
0
0
0
0
0
44
0
0
231
0
2
0
2
71
2
0
267
0
0
0
135
311
0
34
0
300
77
22
0
0
0
0
228
0
46
0
120
186
0
0
10
0
2
94
0
198
0
40
88
16
0
0
0
220
0
0
117
0
0
0
0
216
0
0
2
187
81
0
0
0
59
118
0
0
0
0
0
91
297
0
0
1
170
213
0
16
0
1
27
0
0
177
0
0
0
84
0
19
0
0
0
0
7
0
0
39
49
221
0
0
0
0
0
0
122
101
188
122
286
5
0
0
0
0
51
134
34
0
0
107
106
0
274
0
