361
7
822
944
0
274
311
733
0
951
559
465
952
0
0
237
749
324
819
931
117
773
828
0
0
580
708
571
788
0
106
26
529
111
927
120
389
761
261
523
241
79
0
0
952
599
717
813
937
507
580
182
202
634
0
347
674
957
0
0
569
25
892
0
0
397
248
75
124
565
918
950
0
0
888
491
611
0
926
0
614
875
496
0
0
361
166
883
0
960
144
728
868
885
0
210
726
334
880
473
82
898
830
383
690
858
721
636
826
869
133
818
396
96
681
454
679
86
10
938
313
45
607
526
901
462
675
931
0
696
38
428
0
851
0
522
583
392
0
0
440
464
790
0
908
497
671
346
0
946
687
366
439
876
0
761
46
165
941
926
26
755
707
720
963
66
0
904
0
0
182
320
152
886
926
130
567
931
81
0
452
657
119
612
817
838
324
427
263
0
674
168
727
0
933
675
256
605
0
962
202
336
632
928
0
231
239
147
666
462
632
661
104
816
867
529
310
430
764
951
280
111
579
757
0
497
202
240
852
0
408
67
388
411
694
892
637
674
818
0
297
659
109
500
57
132
670
149
58
0
19
190
732
857
0
804
563
642
667
904
652
659
709
226
0
599
289
278
96
0
45
760
337
906
0
744
483
780
952
0
251
651
527
698
328
271
5
265
0
0
14
807
233
763
0
99
523
322
783
876
323
501
291
750
930
96
844
894
664
925
35
590
723
398
390
537
347
99
0
0
482
723
426
262
939
786
695
810
414
1
656
916
941
926
0
386
604
799
224
773
678
580
109
0
0
47
257
131
0
0
596
583
243
915
581
112
960
80
927
907
569
218
665
531
389
465
576
682
130
843
217
837
674
0
0
866
452
0
0
0
627
428
555
848
492
9
0
550
0
805
437
147
765
0
0
339
942
806
0
903
291
137
0
798
0
426
259
71
470
462
566
828
965
551
883
941
414
731
0
771
523
0
0
0
850
241
84
33
0
847
722
250
894
728
940
295
774
720
0
917
333
463
356
558
0
155
70
273
310
911
480
877
644
630
0
748
46
742
0
44
357
0
0
0
0
324
583
448
43
0
209
851
0
0
0
529
449
284
772
895
277
314
606
807
813
622
515
616
947
0
348
68
372
0
782
313
515
455
130
0
660
127
653
0
902
893
176
187
920
0
248
562
452
805
0
96
952
943
866
808
337
464
751
650
932
662
3
594
951
17
237
87
648
944
870
536
561
862
0
949
89
40
262
917
814
498
361
816
0
0
689
303
807
707
0
675
445
806
916
937
34
569
330
0
888
921
0
0
903
935
782
0
932
0
0
185
0
867
890
347
456
846
667
479
0
311
621
373
174
0
201
199
612
141
0
273
683
941
0
487
486
814
787
0
0
558
51
0
0
766
175
332
356
32
0
92
551
0
551
757
488
739
775
944
0
360
274
782
902
781
140
232
305
0
928
542
460
0
418
818
392
531
324
734
0
569
259
876
361
925
371
216
894
0
861
435
426
828
936
798
949
602
0
0
0
139
231
727
0
939
499
49
944
736
0
203
20
375
666
546
396
222
18
146
381
488
780
917
0
0
524
470
883
845
0
573
936
484
0
933
438
424
702
463
0
311
85
1
644
0
705
319
90
0
966
185
541
917
0
0
274
756
436
588
0
361
930
670
847
0
45
534
161
564
0
712
685
0
0
857
165
618
0
0
0
248
452
807
341
0
340
127
334
0
919
337
598
0
810
906
183
908
51
942
0
263
472
267
496
0
174
776
430
138
0
14
560
0
0
0
247
201
237
0
940
103
784
240
0
0
602
483
0
957
951
191
112
568
303
0
86
658
269
0
922
313
396
116
146
0
689
24
292
927
0
139
460
862
399
0
389
102
852
618
943
195
209
515
0
0
176
0
350
863
0
350
286
3
753
942
423
450
339
0
0
601
913
934
0
874
205
634
0
464
944
383
564
870
924
910
66
344
1
849
787
531
604
781
924
0
439
162
259
176
0
612
307
181
196
0
52
676
301
923
889
734
0
1
909
0
268
301
343
850
0
269
826
616
930
0
269
433
88
802
0
225
240
173
577
577
371
0
937
0
0
533
164
0
0
0
625
627
720
0
749
279
695
0
781
296
265
5
654
950
0
481
73
191
686
896
191
559
769
147
756
312
691
540
782
961
503
933
866
0
882
182
915
772
0
540
336
54
177
564
0
260
219
449
824
0
528
840
866
939
7
403
793
185
330
935
125
540
477
722
0
428
437
690
917
0
196
893
0
628
908
432
504
0
0
0
454
528
100
79
948
109
91
387
834
0
379
617
925
14
891
9
123
0
0
949
626
644
0
471
0
623
123
195
635
655
173
493
22
383
900
417
765
948
932
970
724
921
888
0
846
754
228
425
0
0
701
7
83
170
929
10
242
919
631
0
372
726
578
590
0
261
359
195
0
0
177
593
110
863
0
346
19
714
780
0
37
204
102
844
946
272
108
0
0
0
717
533
819
688
614
87
658
277
108
86
245
701
0
0
922
182
0
0
0
135
373
443
486
3
926
609
163
86
0
41
669
178
446
843
0
742
136
879
435
936
654
83
891
0
918
139
283
953
781
0
352
647
298
0
0
726
247
44
0
937
156
472
673
758
0
605
290
321
0
0
604
525
845
0
0
575
227
604
512
764
34
935
694
595
0
378
680
834
878
590
298
263
0
0
0
204
597
188
716
0
569
214
31
0
952
549
122
458
572
878
106
537
850
917
0
327
1
0
0
0
575
926
375
941
954
63
696
39
934
919
212
271
327
0
924
207
480
791
810
949
75
79
554
0
0
450
694
458
0
0
890
0
0
928
0
724
842
744
585
0
44
868
22
684
789
451
267
906
450
687
368
652
0
0
925
406
817
613
940
638
752
721
953
0
0
485
788
939
0
921
49
458
200
468
0
694
445
555
936
0
775
43
40
852
920
199
894
489
727
0
110
920
550
913
0
857
216
238
662
938
203
411
265
380
765
223
643
579
711
0
99
19
505
884
0
240
10
197
950
0
18
317
19
907
686
393
415
423
746
0
851
898
484
0
723
759
924
929
643
0
182
49
373
607
471
812
926
0
0
612
101
297
943
930
5
308
465
784
0
349
148
520
273
0
418
333
275
846
672
