361
7
875
999
0
274
311
733
0
1033
559
465
1014
0
739
237
749
324
864
1015
117
773
828
0
0
580
708
571
960
78
106
26
529
111
1011
120
389
761
261
533
241
79
412
327
1026
599
717
813
939
823
580
182
202
634
593
347
827
1026
2
0
569
25
986
0
0
397
248
75
124
845
921
1000
0
0
996
491
804
0
943
0
650
893
496
0
0
361
166
883
0
1026
144
728
868
901
0
210
726
334
914
850
82
990
962
814
901
858
721
636
979
986
133
818
396
147
752
454
679
86
735
1021
313
45
607
610
913
462
785
1017
391
918
38
428
274
856
99
522
583
392
766
0
440
464
952
0
1011
497
671
346
0
1007
687
366
439
926
0
761
46
165
1012
1008
26
774
707
720
1029
66
0
994
0
0
182
320
152
886
1009
130
567
1016
81
0
452
657
119
612
817
838
324
427
263
0
674
168
936
0
1015
675
256
605
168
1030
202
336
632
1007
0
231
239
147
666
462
632
661
104
829
867
529
310
800
764
1016
280
111
579
911
0
497
202
240
852
745
408
67
388
411
702
892
637
674
818
0
297
659
109
500
57
132
670
149
58
0
19
190
732
980
281
804
563
642
667
1000
652
659
709
226
0
599
289
278
96
0
45
760
337
906
0
744
483
808
1027
0
251
651
527
698
328
271
5
265
0
0
14
807
233
925
432
99
523
322
783
980
323
501
291
750
959
96
844
1010
664
1011
35
590
723
816
826
537
347
99
72
0
482
723
426
262
1011
786
695
812
414
542
656
916
1013
971
0
386
604
799
224
953
678
580
109
0
0
47
257
131
0
0
596
583
243
1009
870
112
1029
80
1012
1001
569
218
665
531
389
465
576
682
130
843
217
837
674
164
0
866
799
0
0
801
627
428
555
848
492
9
272
550
760
957
437
147
765
0
0
339
1000
952
0
1002
291
137
16
938
0
426
259
71
470
462
566
828
981
551
986
965
414
812
0
943
782
709
0
0
978
241
84
33
423
986
722
250
894
908
1017
295
774
720
0
1005
333
660
356
558
0
155
70
273
310
911
480
877
644
872
0
748
46
742
0
798
357
0
0
0
0
324
583
448
43
754
209
851
0
0
0
529
449
284
872
985
277
314
606
807
965
622
515
616
947
0
348
68
372
0
935
313
515
455
130
0
660
127
653
673
999
894
176
187
992
691
248
562
452
805
0
96
955
1014
988
949
337
464
751
864
1009
662
3
594
1005
791
237
330
648
1007
978
536
561
862
0
1013
89
40
262
917
859
498
361
816
0
0
689
303
879
707
304
675
445
806
995
1014
34
569
330
0
983
1011
0
0
1003
1016
782
0
1012
0
0
185
437
970
993
837
456
846
667
572
0
311
621
373
174
0
201
199
612
141
0
273
683
1014
735
847
486
814
951
347
645
558
51
371
0
941
175
332
356
32
0
92
551
534
839
940
488
755
775
1017
0
360
274
782
978
942
140
232
305
0
1016
542
460
99
834
818
392
531
324
734
0
569
259
876
474
975
371
216
894
25
977
435
426
828
1013
960
1010
602
0
695
0
139
231
727
582
1017
499
49
949
736
0
203
20
375
666
546
396
222
18
146
835
488
780
917
0
0
524
470
999
989
770
573
989
756
0
1012
438
424
702
463
0
311
85
1
644
0
705
319
90
86
1030
185
541
998
0
539
274
756
436
862
0
361
930
670
847
0
45
534
161
841
0
712
685
96
0
978
165
618
0
1
0
248
452
807
341
0
340
127
334
0
1004
337
598
133
810
1007
183
921
51
1022
0
263
472
267
496
0
174
776
430
741
0
14
651
0
0
0
247
201
237
0
1021
103
784
240
0
0
602
483
270
1012
1025
191
112
568
303
0
86
658
269
0
1011
313
396
116
146
0
689
24
292
1011
144
139
460
862
812
0
389
102
852
618
1019
195
209
843
0
0
176
26
350
863
0
350
286
3
917
978
423
450
339
0
0
601
1009
1010
0
992
205
634
246
464
1024
383
564
882
1005
1005
66
344
1
849
941
531
604
932
1013
0
439
162
259
176
0
612
307
181
196
0
52
676
301
1008
992
734
280
497
1003
0
268
301
343
850
0
269
826
733
1014
0
269
433
540
954
0
225
240
173
577
747
371
566
970
0
0
533
164
355
0
745
625
627
720
0
947
279
695
559
913
741
265
5
654
1016
0
481
73
191
686
896
191
559
769
147
756
312
691
540
782
1031
503
1017
974
0
987
182
980
881
169
836
336
54
177
564
0
260
219
449
824
0
528
840
979
1006
301
403
793
185
330
1012
125
540
477
722
694
428
437
690
1009
0
196
893
0
798
990
432
504
0
78
0
454
528
100
79
1010
109
543
387
952
96
379
617
925
14
921
9
782
0
0
1025
626
644
660
471
0
623
123
195
635
655
173
493
22
477
900
417
775
1014
1017
1032
724
938
888
0
968
754
228
425
0
0
701
7
83
170
1007
10
242
919
769
0
372
726
578
590
625
261
359
195
504
756
177
593
110
967
514
346
19
714
951
0
37
204
102
844
1022
272
108
0
0
0
717
533
819
688
614
87
658
277
108
86
245
701
48
0
1011
563
0
0
0
749
373
443
486
156
1003
609
163
86
0
788
669
178
446
843
0
742
136
879
435
1016
654
83
978
0
1005
139
283
971
781
432
352
647
544
0
0
726
247
44
0
1012
156
472
673
758
0
605
290
321
710
0
604
525
845
0
0
575
227
604
512
803
34
953
694
595
0
378
680
834
879
804
298
263
107
583
0
204
597
188
716
33
569
214
31
362
1027
549
122
458
572
878
106
537
978
1011
0
327
1
0
0
0
575
962
375
987
1012
63
696
39
934
919
212
271
327
0
1012
207
480
791
944
1025
75
79
554
0
0
450
694
458
79
0
901
391
0
1012
0
724
846
744
867
0
44
868
22
684
789
451
267
906
450
687
368
652
586
530
1008
406
817
613
1010
893
752
721
1023
0
0
485
952
1012
561
1010
49
458
200
468
0
694
445
555
986
0
775
43
40
852
1005
199
909
489
727
0
110
920
869
1002
0
857
216
238
893
1013
203
411
265
743
931
223
643
579
908
31
99
19
505
884
36
240
10
197
1015
197
18
317
19
925
912
393
415
423
926
534
851
925
484
0
935
759
1000
1009
886
754
182
49
373
607
471
885
1008
693
0
612
101
297
973
1014
5
308
465
932
0
349
148
520
560
0
418
333
275
846
908
