0
7
0
389
0
13
0
0
0
450
417
0
457
0
0
0
342
0
0
431
0
418
430
0
0
451
352
407
0
0
106
26
0
0
339
0
0
20
0
0
241
0
0
0
404
0
0
469
508
0
466
0
202
0
0
0
0
372
0
0
275
25
0
0
0
0
248
75
0
0
184
417
0
0
0
0
0
0
481
0
0
0
0
0
0
0
0
0
0
481
144
37
282
0
0
0
473
334
0
0
0
0
0
0
0
0
418
0
0
0
133
441
396
0
0
0
336
86
0
457
313
0
450
0
22
0
0
472
0
0
38
0
0
0
0
407
0
0
0
0
440
0
0
0
268
251
487
0
0
327
215
126
432
0
0
0
0
165
462
63
0
0
111
405
444
0
0
0
0
0
182
185
0
12
282
0
0
280
0
0
120
377
119
477
288
10
324
0
3
0
275
0
0
0
455
0
0
408
0
436
202
212
353
406
0
231
0
147
177
0
347
0
104
0
0
463
0
0
249
344
25
0
405
0
0
0
202
0
430
0
0
0
0
234
0
348
0
117
482
0
297
191
109
9
57
132
0
149
0
0
19
190
0
0
0
345
447
120
0
50
0
423
0
0
0
279
289
278
96
0
0
0
337
449
0
30
0
0
413
0
251
0
0
199
328
0
5
265
0
0
14
0
201
0
0
99
405
302
200
0
323
0
0
0
462
96
44
0
23
384
35
471
0
0
0
415
347
0
0
0
0
259
0
113
431
470
381
0
0
0
31
26
311
322
0
386
387
0
0
0
417
0
0
0
0
47
257
131
0
0
429
274
0
292
0
0
421
0
405
12
316
0
224
181
0
0
0
0
0
495
0
473
445
0
0
0
0
0
0
0
22
428
286
59
0
0
0
0
0
0
54
0
455
0
0
0
436
0
0
139
0
0
0
0
0
426
0
71
0
0
425
212
472
0
0
463
0
0
0
0
0
0
0
0
0
105
84
0
0
0
350
0
411
0
326
242
455
0
0
208
0
0
356
0
0
0
70
34
234
53
400
474
0
0
0
0
0
0
0
0
206
0
0
0
0
0
149
448
0
0
0
372
0
0
0
423
352
0
0
0
277
179
350
23
0
340
0
0
403
0
348
0
372
0
0
184
0
419
0
0
90
0
0
0
50
0
0
0
383
0
0
384
33
335
0
96
468
397
0
0
112
289
0
0
248
457
3
0
437
0
237
0
276
355
0
424
8
33
0
393
0
40
262
83
0
398
0
384
0
0
419
39
0
405
0
95
304
390
231
421
34
41
293
0
0
234
0
0
155
466
453
0
409
0
0
0
0
0
0
0
0
466
278
0
0
311
8
0
0
0
201
7
0
141
0
273
436
399
0
0
0
427
0
0
0
353
0
0
0
0
175
327
8
32
0
92
0
0
0
0
71
0
395
399
0
360
237
356
9
0
136
232
0
0
379
193
425
0
0
0
0
256
12
0
0
432
0
0
0
331
346
188
385
0
0
187
0
450
440
0
391
0
0
0
0
139
231
257
0
378
235
0
333
266
0
69
20
0
2
390
0
81
0
0
0
285
457
418
0
0
0
0
0
0
0
0
9
0
0
411
386
0
439
0
0
311
85
1
439
0
465
0
0
0
469
185
0
3
0
0
24
28
0
0
0
361
423
446
476
0
0
0
0
0
0
67
138
0
0
0
165
0
0
0
0
248
166
0
0
0
340
5
0
0
156
337
455
0
0
138
183
75
0
441
0
263
0
267
16
0
0
450
0
0
0
14
0
0
0
0
247
39
237
0
513
0
467
0
0
0
20
320
0
455
425
191
112
412
199
0
86
402
269
0
331
313
0
116
120
0
240
24
292
379
0
0
460
450
0
0
283
0
10
0
131
195
0
0
0
0
176
0
0
498
0
0
0
3
0
405
0
436
339
0
0
334
42
357
0
0
205
255
0
0
203
383
341
0
29
263
0
0
1
0
0
348
55
0
379
0
351
0
0
176
0
395
257
181
0
0
52
414
0
230
0
285
0
0
127
0
268
172
0
356
0
269
0
0
409
0
269
139
0
0
0
21
109
173
0
0
0
0
479
0
0
452
25
0
0
0
0
0
109
0
0
0
437
0
0
0
0
5
0
387
0
0
0
0
0
326
191
136
0
4
0
154
20
353
98
463
0
419
0
0
0
182
0
0
0
0
314
0
15
3
0
260
219
321
0
0
409
444
0
445
0
403
144
185
0
359
0
338
30
362
0
0
265
0
257
0
0
403
0
0
0
0
475
0
0
0
0
0
0
0
392
109
0
0
0
0
98
57
470
0
0
9
0
0
0
403
0
102
0
471
0
444
3
195
7
0
0
0
0
0
488
417
0
359
431
512
46
0
486
0
0
212
0
0
0
0
382
7
15
0
246
0
0
445
0
0
81
0
0
373
0
55
117
0
0
0
177
258
110
0
0
0
0
445
0
0
37
204
0
61
359
272
108
0
0
0
207
0
0
0
0
87
165
0
0
0
0
285
0
0
348
0
0
0
0
0
0
329
13
0
73
0
163
86
0
0
385
0
360
425
0
277
0
190
0
450
0
2
0
0
68
139
283
455
307
0
323
116
0
0
0
409
0
0
0
414
0
330
6
460
0
183
290
321
0
0
391
0
316
0
0
229
0
0
0
0
34
284
405
301
0
0
0
415
0
0
216
0
0
0
0
204
0
0
0
0
220
0
0
0
421
322
122
0
0
472
106
278
0
377
0
318
1
0
0
0
413
194
0
406
451
63
316
0
326
371
212
0
327
0
313
207
84
0
0
420
0
79
0
0
0
0
455
456
0
0
0
0
0
405
0
47
0
0
0
0
44
0
0
459
0
230
0
184
402
115
2
439
0
0
128
376
492
0
361
0
490
277
309
0
0
0
0
457
0
264
49
345
200
0
0
187
0
216
376
0
474
0
40
377
314
0
0
0
450
0
0
390
0
225
0
17
216
0
0
216
203
391
0
0
0
223
385
0
0
0
99
0
382
449
0
240
10
197
469
0
18
40
19
236
0
0
415
70
0
0
301
27
330
0
0
0
26
199
0
0
182
49
373
16
15
0
61
0
0
378
101
297
440
433
5
0
0
0
0
349
148
302
0
0
359
333
0
460
0
