361
7
875
999
0
274
311
733
773
1112
559
465
1031
0
1056
237
749
324
864
1077
117
773
828
0
753
580
708
571
1004
1029
106
26
529
111
1104
120
389
761
261
533
241
79
412
732
1108
599
717
813
939
823
580
182
634
202
887
347
827
1112
0
1018
569
25
1008
153
0
397
248
75
124
1039
921
1000
254
554
1087
491
804
356
943
0
650
496
893
814
0
361
166
883
115
1054
144
728
868
901
0
210
726
334
914
964
82
990
962
1069
1086
721
858
636
1101
1103
133
818
396
147
752
454
679
86
1017
1106
313
45
607
610
913
462
785
1088
967
1084
38
428
274
856
99
522
583
392
779
0
440
464
1098
0
1104
497
671
346
863
1106
687
366
439
926
0
761
46
165
1048
1107
26
774
707
720
1115
66
642
1101
0
0
182
320
152
886
1107
130
567
1031
81
174
452
657
119
612
817
838
324
427
263
722
674
168
983
0
1085
675
256
605
1032
1114
202
336
632
1007
0
231
239
147
666
462
632
661
104
829
867
529
310
913
764
1016
280
111
579
911
98
497
202
240
852
1042
408
67
388
411
702
892
674
637
818
0
297
659
109
500
57
132
670
149
58
0
19
190
732
992
1031
804
563
642
667
1107
652
659
709
226
0
599
289
278
96
779
45
760
337
906
0
744
483
808
1115
0
251
651
527
698
328
271
265
5
0
0
14
807
233
925
432
99
523
322
783
1097
323
501
291
750
959
96
844
1042
664
1110
35
590
723
1069
1071
537
347
99
72
905
482
723
426
262
1107
786
695
812
414
542
656
916
1013
971
0
386
604
799
224
1093
678
580
109
163
805
47
257
131
0
0
596
583
243
1079
1079
112
1033
80
1046
1105
569
218
665
531
389
465
576
682
130
843
217
837
674
164
900
866
799
0
0
1063
627
428
555
848
492
9
272
550
1064
1082
437
147
765
314
0
339
1000
1034
0
1107
291
137
636
938
0
426
259
71
470
462
566
828
981
551
1013
965
414
812
1088
0
782
797
0
389
1100
241
84
33
720
1086
722
250
894
1081
1112
295
774
720
886
1109
333
660
356
558
779
155
70
273
310
911
480
877
644
896
816
748
46
742
528
984
357
391
0
136
0
324
583
448
43
965
209
851
0
0
658
529
449
284
872
985
277
314
606
807
1095
622
515
616
947
261
348
68
372
215
1083
313
515
455
130
641
660
127
653
827
1105
894
176
187
992
878
248
562
452
805
0
96
955
1078
1042
1091
337
464
751
864
1107
662
3
594
1005
904
237
330
648
1026
1062
536
561
862
0
1107
89
40
262
917
859
498
361
816
435
755
689
303
879
707
304
675
445
806
995
1111
34
569
330
231
1088
1058
906
0
1107
1111
782
412
1039
0
0
185
437
1011
1051
1072
456
846
667
572
0
311
621
373
174
0
201
199
612
141
424
273
683
1056
821
938
486
814
988
470
1034
558
51
371
39
1091
175
332
356
32
893
92
551
806
1030
1087
488
755
775
1085
0
360
274
782
978
968
140
232
305
0
1105
542
460
99
867
818
392
531
324
734
0
569
259
876
474
975
371
216
894
25
1063
435
426
828
1105
1077
1028
602
580
1048
1016
139
231
727
640
1064
499
49
949
736
0
203
20
375
666
546
396
222
18
146
835
488
780
917
495
0
524
470
1069
1073
838
573
989
756
829
1112
438
702
424
463
0
311
85
1
644
0
705
319
90
86
1114
185
541
1077
770
959
274
756
436
952
0
361
930
847
670
130
45
534
161
1020
0
712
685
96
962
1075
165
618
0
861
0
248
452
807
341
0
340
127
334
65
1085
337
598
133
810
1108
183
921
51
1038
1005
263
472
267
496
806
174
776
430
741
0
14
651
84
0
0
247
201
237
0
1111
103
784
240
213
571
602
483
270
1099
1091
191
112
568
303
139
86
658
269
102
1110
313
396
116
146
0
689
24
292
1111
1007
139
460
862
1075
0
389
102
852
618
1114
195
209
1036
1017
0
176
26
350
863
759
350
286
3
917
978
423
450
339
0
0
601
1048
1056
0
1092
205
634
246
464
1112
383
564
882
1034
1062
66
344
1
849
968
531
604
1088
1062
625
439
162
259
176
0
612
307
181
196
922
52
676
301
1026
1041
734
280
497
1034
570
268
301
343
850
0
269
826
733
1021
0
269
433
540
1035
0
225
240
173
577
747
371
566
970
819
0
533
164
355
181
1054
625
627
720
0
1093
279
695
559
913
741
265
5
654
1048
657
481
73
191
686
896
191
559
769
147
756
312
691
540
782
1099
503
1050
1030
0
1101
182
980
881
169
1076
336
54
177
564
0
260
219
449
824
123
528
840
1016
1006
301
403
793
185
330
1038
125
540
477
722
694
428
437
690
1020
861
196
893
241
798
1102
432
504
315
811
169
454
528
100
79
1034
109
543
387
952
405
379
617
925
14
921
9
954
400
0
1114
626
644
660
471
0
623
123
195
635
655
173
493
22
477
900
417
775
1077
1106
1114
724
938
888
760
1094
754
228
425
265
0
701
7
83
170
1107
10
242
919
769
0
372
726
578
590
814
261
359
195
567
1058
177
593
110
967
916
346
19
714
1038
0
37
204
102
844
1112
272
108
0
712
0
717
533
819
688
614
87
658
277
108
86
245
701
48
794
1109
563
552
911
1034
0
373
443
486
156
1105
609
163
86
0
1061
669
178
446
843
231
742
136
879
435
1103
654
83
987
540
1107
139
283
971
781
505
352
647
544
0
0
726
247
44
517
1108
156
472
673
758
0
605
290
321
1059
0
604
525
845
251
807
575
227
604
512
803
34
953
595
694
0
378
680
834
879
804
298
263
281
934
0
204
597
188
716
389
569
214
31
362
1115
549
122
458
572
878
106
537
1025
1044
0
327
1
0
0
855
575
962
375
987
1104
63
696
39
934
919
212
271
327
454
1102
207
480
791
1004
1107
75
79
554
710
907
450
694
458
79
0
901
545
357
1023
696
724
846
744
1077
933
44
868
22
684
789
451
267
906
450
687
368
652
586
530
1111
406
817
613
1108
1078
752
721
1025
266
366
485
1030
1087
1032
1102
458
49
200
468
0
694
445
555
986
0
775
43
40
852
1059
199
909
489
727
0
110
920
970
1071
0
857
216
238
1007
1112
203
411
265
743
1088
223
579
643
919
31
99
19
505
884
994
240
10
197
1038
947
18
317
19
925
1083
393
415
423
972
534
851
925
484
0
1088
759
1048
1037
995
929
182
49
607
373
471
885
1099
889
0
612
101
297
973
1062
5
308
465
994
863
349
148
520
560
867
418
275
333
846
1082
