0
7
0
598
0
274
0
9
0
607
559
0
642
0
0
237
584
0
0
641
0
596
639
0
0
580
614
571
0
0
106
26
0
1
592
0
0
505
0
0
241
0
0
0
637
19
54
680
696
0
580
0
202
228
0
2
0
613
0
0
566
25
98
0
0
245
248
75
0
0
517
611
0
0
427
0
0
0
669
0
0
182
0
0
0
0
0
352
0
647
144
515
579
189
0
0
640
334
229
0
0
378
0
0
0
199
615
0
0
332
133
625
396
0
0
0
596
86
0
609
313
0
607
0
430
0
0
638
0
0
38
0
0
0
0
522
435
0
0
0
440
0
0
0
585
497
647
0
0
597
544
366
439
110
0
0
0
165
624
525
0
0
544
618
649
66
0
355
0
0
182
320
0
464
576
36
13
542
0
0
452
601
119
612
597
491
324
259
35
0
566
0
0
0
645
43
0
605
0
625
202
336
578
621
0
231
46
147
546
0
613
0
104
0
406
529
0
0
582
606
280
0
579
0
0
18
202
0
653
0
294
67
0
411
0
617
433
531
648
0
297
570
109
492
57
132
0
149
58
0
19
190
356
2
0
618
563
533
8
527
0
596
66
0
0
565
289
278
96
0
45
0
337
623
0
466
0
0
641
0
251
356
0
557
328
0
5
265
0
0
14
12
233
0
0
99
523
322
544
38
323
0
261
433
626
96
472
278
492
603
35
590
381
0
0
537
347
0
0
0
187
568
0
262
620
656
619
0
0
0
492
509
603
581
0
386
592
0
0
0
625
0
16
0
0
47
257
131
0
0
596
568
0
564
0
112
641
0
606
488
569
218
562
531
0
349
21
0
0
649
0
650
646
0
0
407
0
0
0
0
480
428
555
511
0
0
0
138
0
0
437
33
648
0
0
0
620
0
0
530
0
0
0
0
0
426
91
71
0
0
566
544
648
0
372
628
408
0
0
0
0
0
0
0
0
241
84
0
0
0
637
0
616
0
593
295
634
0
0
580
0
0
356
39
0
0
70
273
310
479
480
639
0
0
0
74
46
465
0
0
357
0
0
0
0
324
545
448
0
0
209
613
0
0
0
529
449
103
0
421
277
314
606
471
0
563
0
0
631
0
348
0
372
0
0
313
3
455
0
0
497
0
61
0
483
335
0
0
581
0
177
562
452
606
0
96
631
608
139
0
337
464
481
0
566
650
3
0
623
0
237
0
544
602
197
536
283
522
0
610
0
40
262
522
0
498
0
599
0
0
642
303
0
640
0
519
445
628
576
611
34
470
330
0
44
572
0
0
518
657
625
0
613
0
0
0
0
0
325
0
0
625
571
0
0
311
58
0
0
0
201
199
401
141
0
273
659
600
0
0
0
616
0
0
0
558
0
0
0
0
175
332
120
32
0
92
486
0
0
0
488
0
622
610
0
360
274
608
390
0
140
232
0
0
579
531
460
0
0
0
22
531
280
130
0
569
0
216
0
603
371
216
605
0
24
435
0
655
626
0
601
91
0
0
0
139
231
574
0
608
499
2
614
577
0
203
20
0
2
546
0
222
0
0
0
488
630
588
0
0
0
371
376
28
0
0
500
0
0
627
438
424
642
92
0
311
85
1
614
0
644
0
90
0
641
185
4
429
0
0
274
513
0
0
0
361
627
610
662
0
0
0
151
0
0
531
539
0
0
0
165
340
0
0
0
248
452
44
329
0
340
109
0
0
554
337
598
0
0
523
183
541
0
601
0
263
19
267
480
0
0
628
59
0
0
14
0
0
0
0
247
201
237
0
693
0
647
0
0
0
523
483
0
638
617
191
112
568
303
0
86
611
269
0
589
313
0
116
146
0
579
24
292
609
0
139
460
639
0
0
389
0
430
0
553
195
0
0
0
0
176
0
0
669
0
350
0
3
0
615
0
450
339
0
0
599
489
600
0
278
205
555
0
0
571
383
564
203
497
565
66
7
1
473
0
531
549
0
615
0
439
0
0
176
0
612
307
181
0
0
52
626
0
551
433
560
0
0
545
0
268
301
284
580
0
269
357
0
613
0
269
433
0
0
0
225
240
173
241
0
309
0
660
0
0
533
164
0
0
0
0
0
531
0
0
120
621
0
0
0
265
5
415
617
0
73
0
0
0
590
191
554
429
147
0
312
416
540
522
653
0
596
23
0
347
182
475
0
0
0
336
0
177
381
0
260
219
449
9
0
528
643
33
655
0
403
515
185
0
591
34
540
466
591
0
0
437
0
578
0
0
580
0
0
394
66
504
0
0
0
0
0
100
0
610
109
0
0
0
0
379
459
638
0
465
9
0
0
0
631
224
539
0
471
0
623
123
195
360
34
173
0
0
0
687
417
0
598
605
682
527
451
633
0
0
596
0
177
0
0
597
7
83
0
546
0
0
622
0
0
372
0
0
579
0
261
359
195
0
0
177
554
110
25
0
0
19
632
0
0
37
204
0
490
620
272
108
0
0
0
566
58
382
2
0
87
541
277
0
0
0
598
0
0
595
0
0
0
0
0
0
443
486
0
546
488
163
86
0
0
633
0
446
593
0
583
0
525
413
645
0
83
50
0
529
139
283
645
590
0
352
541
0
0
0
608
0
0
0
617
156
472
438
636
0
557
290
321
0
0
604
75
583
0
0
567
181
232
0
0
34
580
640
572
0
81
0
621
113
0
298
0
0
0
0
204
0
0
328
0
554
7
0
0
647
549
122
365
0
620
106
537
90
569
0
327
1
0
0
0
575
548
0
605
634
63
615
0
581
588
212
52
327
0
594
207
480
493
0
649
75
79
449
0
0
0
644
458
0
0
115
0
0
608
0
500
3
0
0
0
44
374
0
658
113
451
79
570
450
534
368
632
0
0
520
406
645
0
595
0
640
580
591
0
0
0
0
629
0
566
49
458
200
0
0
552
141
555
584
0
639
0
40
591
597
0
324
221
647
0
50
603
0
583
0
485
216
0
0
560
203
411
0
0
0
223
584
0
0
0
99
19
505
645
0
240
10
197
638
0
18
317
19
591
0
7
415
423
0
0
565
439
484
0
0
86
509
564
0
0
182
49
373
529
454
0
502
0
0
608
101
297
630
632
5
200
0
0
0
349
148
520
0
0
418
333
0
656
0
